# transform file /work/jobs//abby/mri/transforms/cc_up.lta
# created by abby on Mon Mar 18 20:42:58 2019

type      = 0 # LINEAR_VOX_TO_VOX
nxforms   = 1
mean      = 126.0000 131.0000 116.0000
sigma     = 10000.0000
1 4 4
9.962338805198669e-01 -4.676939919590950e-02 -7.301176339387894e-02 1.630617713928223e+01 
4.664430022239685e-02 9.989057779312134e-01 -3.418456763029099e-03 1.865649795532227e+01 
7.309175282716751e-02 -2.328306436538696e-10 9.973252415657043e-01 1.316409492492676e+01 
0.000000000000000e+00 0.000000000000000e+00 0.000000000000000e+00 1.000000000000000e+00 
src volume info
valid = 1  # volume info valid
filename = /work/jobs//abby/mri/norm.mgz
volume = 256 256 256
voxelsize = 1.000000000000000e+00 1.000000000000000e+00 1.000000000000000e+00
xras   = -1.000000000000000e+00 -7.450580596923828e-09 -7.450580596923828e-09
yras   = -7.450580596923828e-09 -4.656612873077393e-10 -9.999998807907104e-01
zras   = 0.000000000000000e+00 9.999999403953552e-01 -4.656612873077393e-10
cras   = -2.918502807617188e+00 9.197547912597656e+00 2.159611511230469e+01
dst volume info
valid = 1  # volume info valid
filename = /work/jobs//abby/mri/norm.mgz
volume = 256 256 256
voxelsize = 1.000000000000000e+00 1.000000000000000e+00 1.000000000000000e+00
xras   = -1.000000000000000e+00 -7.450580596923828e-09 -7.450580596923828e-09
yras   = -7.450580596923828e-09 -4.656612873077393e-10 -9.999998807907104e-01
zras   = 0.000000000000000e+00 9.999999403953552e-01 -4.656612873077393e-10
cras   = -2.918502807617188e+00 9.197547912597656e+00 2.159611511230469e+01
