# transform file transforms/talairach.lta
# created by abby on Mon Mar 18 17:05:06 2019

type      = 0 # LINEAR_VOX_TO_VOX
nxforms   = 1
mean      = 126.0000 131.0000 115.0000
sigma     = 10000.0000
1 4 4
1.114128351211548e+00 -3.225099295377731e-02 -7.110399752855301e-02 -2.958981990814209e+00 
5.046460032463074e-02 1.139398813247681e+00 2.605664730072021e-01 -5.491372680664062e+01 
7.694797962903976e-02 -2.212335616350174e-01 1.020524859428406e+00 1.206375980377197e+01 
0.000000000000000e+00 0.000000000000000e+00 0.000000000000000e+00 1.000000000000000e+00 
src volume info
valid = 1  # volume info valid
filename = nu.mgz
volume = 256 256 256
voxelsize = 1.000000000000000e+00 1.000000000000000e+00 1.000000000000000e+00
xras   = -1.000000000000000e+00 -7.450580596923828e-09 -7.450580596923828e-09
yras   = -7.450580596923828e-09 -4.656612873077393e-10 -9.999998807907104e-01
zras   = 0.000000000000000e+00 9.999999403953552e-01 -4.656612873077393e-10
cras   = -2.918502807617188e+00 9.197547912597656e+00 2.159611511230469e+01
dst volume info
valid = 1  # volume info valid
filename = /cluster/software/VERSIONS/freesurfer-6.0.0/average/RB_all_2016-05-10.vc700.gca
volume = 256 256 256
voxelsize = 1.000000000000000e+00 1.000000000000000e+00 1.000000000000000e+00
xras   = -1.000000000000000e+00 0.000000000000000e+00 0.000000000000000e+00
yras   = 0.000000000000000e+00 0.000000000000000e+00 -1.000000000000000e+00
zras   = 0.000000000000000e+00 1.000000000000000e+00 0.000000000000000e+00
cras   = 0.000000000000000e+00 0.000000000000000e+00 0.000000000000000e+00
