# transform file transforms/talairach_with_skull.lta
# created by abby on Mon Mar 18 16:45:39 2019

type      = 0 # LINEAR_VOX_TO_VOX
nxforms   = 1
mean      = 119.0000 133.0000 129.0000
sigma     = 10000.0000
1 4 4
1.103306412696838e+00 -5.490205436944962e-02 -7.457908987998962e-02 2.064765691757202e+00 
7.277793437242508e-02 1.154467344284058e+00 2.156768590211868e-01 -5.394466781616211e+01 
5.164849758148193e-02 -1.925217807292938e-01 1.037270903587341e+00 1.029777717590332e+01 
0.000000000000000e+00 0.000000000000000e+00 0.000000000000000e+00 1.000000000000000e+00 
src volume info
valid = 1  # volume info valid
filename = nu.mgz
volume = 256 256 256
voxelsize = 1.000000000000000e+00 1.000000000000000e+00 1.000000000000000e+00
xras   = -1.000000000000000e+00 -7.450580596923828e-09 -7.450580596923828e-09
yras   = -7.450580596923828e-09 -4.656612873077393e-10 -9.999998807907104e-01
zras   = 0.000000000000000e+00 9.999999403953552e-01 -4.656612873077393e-10
cras   = -2.918502807617188e+00 9.197547912597656e+00 2.159611511230469e+01
dst volume info
valid = 1  # volume info valid
filename = /cluster/software/VERSIONS/freesurfer-6.0.0/average/RB_all_withskull_2016-05-10.vc700.gca
volume = 256 256 256
voxelsize = 1.000000000000000e+00 1.000000000000000e+00 1.000000000000000e+00
xras   = -1.000000000000000e+00 0.000000000000000e+00 0.000000000000000e+00
yras   = 0.000000000000000e+00 0.000000000000000e+00 -1.000000000000000e+00
zras   = 0.000000000000000e+00 1.000000000000000e+00 0.000000000000000e+00
cras   = 0.000000000000000e+00 0.000000000000000e+00 0.000000000000000e+00
