type      = 1 # LINEAR_RAS_TO_RAS
nxforms   = 1
mean      = 0.0000 0.0000 0.0000
sigma     = 1.0000
1 4 4
1.106927037239075e+00 8.869700133800507e-02 -6.079600006341934e-02 3.805800914764404e+00 
-3.672000020742416e-02 1.040611982345581e+00 2.722750008106232e-01 -1.980492401123047e+01 
5.530599877238274e-02 -2.193560004234314e-01 1.071761012077332e+00 -2.354684448242188e+01 
0.000000000000000e+00 0.000000000000000e+00 0.000000000000000e+00 1.000000000000000e+00 
src volume info
valid = 1  # volume info valid
filename = /work/jobs//abby/mri/orig_nu.mgz
volume = 256 256 256
voxelsize = 1.000000000000000e+00 1.000000000000000e+00 1.000000000000000e+00
xras   = -1.000000000000000e+00 -7.450580596923828e-09 -7.450580596923828e-09
yras   = -7.450580596923828e-09 -4.656612873077393e-10 -9.999998807907104e-01
zras   = 0.000000000000000e+00 9.999999403953552e-01 -4.656612873077393e-10
cras   = -2.918502807617188e+00 9.197547912597656e+00 2.159611511230469e+01
dst volume info
valid = 1  # volume info valid
filename = /cluster/software/VERSIONS/freesurfer-6.0.0/average/mni305.cor.mgz
volume = 256 256 256
voxelsize = 1.000000000000000e+00 1.000000000000000e+00 1.000000000000000e+00
xras   = -1.000000000000000e+00 0.000000000000000e+00 0.000000000000000e+00
yras   = 0.000000000000000e+00 0.000000000000000e+00 -1.000000000000000e+00
zras   = 0.000000000000000e+00 1.000000000000000e+00 0.000000000000000e+00
cras   = 0.000000000000000e+00 0.000000000000000e+00 0.000000000000000e+00
subject fsaverage
fscale 0.100000
